# Unique identifier for this experiment for logging
experiment_id: "icra_interaction_pushing_tomato_onto_hammer"

outer_env:
  contact_model: "hydroelastic_with_fallback"
  solver: "sap"

inner_env:
  contact_model: "point"
  solver: "sap"

script:
  name: "planar_pushing"
  args:
    sim_duration: 2.5
    timestep: 0.001
    logging_frequency_hz: 1000
    manipuland_directives: [
      "../../models/manipulands/tomato_can_tsdf_compliant_simplified_manipuland_directive.yaml",
      "../../models/manipulands/hammer_compliant_manipuland_directive.yaml"
    ]
    manipuland_base_link_names: [
      ycb_tomato_soup_can_base_link, hammer_base_link
    ]
    manipuland_default_poses: [
      [3.14, 1.57, 0, 0.2, -0.03, 0.035], [1.57, 1.57, 0, 0, -0.03, 0.02]
    ]
    hydroelastic_manipuland: True
    pusher_geometry_starting_position: [0.3, 0.0, 0.1]
    pusher_geometry_pid_gains:
      kp: 100.0
      ki: 1.0
      kd: 20.0
    pusher_geometry_type: "box"
    pusher_geometry_dimensions: [0.01, 0.2, 0.2]
    is_pipeline_comparison: True

# Component specifications
# 'args' are constructor arguments that are not part of the base class constructors
logger:
  class: "PlanarPushingLogger"
  args:
    label_to_mask: -1 # NOTE: Does not correspond to anything
    manipuland_base_link_names: [
      ycb_tomato_soup_can_base_link, hammer_base_link
    ]
    kProximity: false

outer_image_generator:
  class: "NoneImageGenerator"
  args:

inner_image_generator:
  class: "NoneImageGenerator"
  args:

outer_inverse_graphics:
  class: "IdentityInverseGraphics"
  args:
    mesh_paths: [
      ./data/ycb_tomato_soup_can/tomato_soup_can_tsdf.obj,
      ./data/hammer/hammer.obj,
    ]
    mesh_poses: [[3.14, 1.57, 0, 0.2, -0.03, 0.035], [1.57, 1.57, 0, 0, -0.03, 0.02]]

inner_inverse_graphics:
  class: "IdentityInverseGraphics"
  args:
    mesh_paths: [
      ./data/ycb_tomato_soup_can/tomato_soup_can_tsdf.obj,
      ./data/hammer/hammer.obj
    ]
    mesh_poses: [[3.14, 1.57, 0, 0.2, -0.03, 0.035], [1.57, 1.57, 0, 0, -0.03, 0.02]]

outer_mesh_processor:
  class: "IdentityVTKMeshProcessor"
  args:
    vtk_paths: [
      ./data/ycb_tomato_soup_can/tomato_soup_can_tsdf.vtk,
      ./data/hammer/hammer.vtk
    ]

inner_mesh_processor:
  class: "IdentityPrimitiveMeshProcessor"
  args:
    # NOTE: Wrong objects
    primitive_info_paths: [
      ./data/ycb_mustard_bottle/mustard_ring_tsdf_dualsdf_spheres.pkl,
      ./data/ycb_tomato_soup_can/tomato_soup_can_tsdf_dualsdf_spheres.pkl
    ]

outer_physical_property_estimator:
  class: "GTPhysicalPropertyEstimator"
  args:
    masses: [0.348, 0.016]
    inertias: [
      [
        [4.0049e-04, 2.8689e-06, -2.7256e-06],
        [2.8689e-06, 3.9849e-04, -1.0914e-05],
        [-2.7256e-06, -1.0914e-05, 2.1282e-04]
      ],
      [
        [4.0935e-05, -1.3441e-07, -5.7473e-07],
        [-1.3441e-07,  3.7371e-05,  1.1686e-06],
        [-5.7473e-07,  1.1686e-06,  4.2148e-06]
      ]
    ]
    centers_of_mass: [[-0.0032, 0.0062, -0.0124], [-0.0007, -0.0026, -0.0042]]
    is_compliant: [True, True]
    mesh_resolution_hints: [0.01, 0.01]
    hydroelastic_moduli: [1.0e8, 1.0e8]

inner_physical_property_estimator:
  class: "GTPhysicalPropertyEstimator"
  args:
    masses: [0.348, 0.016]
    inertias: [
      [
        [4.0049e-04, 2.8689e-06, -2.7256e-06],
        [2.8689e-06, 3.9849e-04, -1.0914e-05],
        [-2.7256e-06, -1.0914e-05, 2.1282e-04]
      ],
      [
        [4.0935e-05, -1.3441e-07, -5.7473e-07],
        [-1.3441e-07,  3.7371e-05,  1.1686e-06],
        [-5.7473e-07,  1.1686e-06,  4.2148e-06]
      ]
    ]
    centers_of_mass: [[-0.0032, 0.0062, -0.0124], [-0.0007, -0.0026, -0.0042]]
    is_compliant: [False, False]
    mesh_resolution_hints: [0.01, 0.01]

simulator:
  class: "EquationErrorPlanarPushingSimulator"
  args:
    settling_time: 0.2
    manipuland_names: [ycb_tomato_soup_can, hammer]
    target_manipuland_name: ycb_tomato_soup_can
    controll_period: 0.01
    closed_loop_control: false
    num_meters_to_move_in_manpuland_direction: 0.6
    reset_seconds: 0.1
 