# Unique identifier for this experiment for logging
experiment_id: "interaction_pushing_tomato_can_and_mustard_ring_tsdf_vs_spheres_equation_error"

outer_env:
  contact_model: "hydroelastic_with_fallback"
  solver: "sap"

inner_env:
  contact_model: "point"
  solver: "sap"

script:
  name: "planar_pushing"
  args:
    sim_duration: 1.0
    timestep: 0.001
    logging_frequency_hz: 1000
    manipuland_directives: [
      "../../models/manipulands/tomato_can_tsdf_compliant_simplified_manipuland_directive.yaml",
      "../../models/manipulands/mustard_ring_tsdf_compliant_manipuland_directive.yaml"
    ]
    manipuland_base_link_names: [
      ycb_tomato_soup_can_base_link, "ycb_mustard_bottle_base_link"
    ]
    manipuland_default_poses: [
      [0.0, 0.0, 0.0, 0.0, 0.0, 0.1], [1.57, 1.57, 0, 0.2, -0.03, 0.032]
    ]
    hydroelastic_manipuland: True
    pusher_geometry_starting_position: [0.3, 0.0, 0.1]
    pusher_geometry_pid_gains:
      kp: 100.0
      ki: 1.0
      kd: 20.0
    pusher_geometry_type: "box"
    pusher_geometry_dimensions: [0.01, 0.2, 0.2]
    is_pipeline_comparison: True

# Component specifications
# 'args' are constructor arguments that are not part of the base class constructors
logger:
  class: "PlanarPushingLogger"
  args:
    label_to_mask: -1 # NOTE: Does not correspond to anything
    manipuland_base_link_names: [
      ycb_tomato_soup_can_base_link, ycb_mustard_bottle_base_link
    ]
    kProximity: false

outer_image_generator:
  class: "NoneImageGenerator"
  args:

inner_image_generator:
  class: "NoneImageGenerator"
  args:

outer_inverse_graphics:
  class: "IdentityInverseGraphics"
  args:
    mesh_paths: [
      ./data/ycb_tomato_soup_can/tomato_soup_can_tsdf.obj,
      ./data/ycb_mustard_bottle/mustard_ring_tsdf.obj
    ]
    mesh_poses: [[0.0, 0.0, 0.0, 0.0, 0.0, 0.1], [1.57, 1.57, 0, 0.2, -0.03, 0.032]]

inner_inverse_graphics:
  class: "IdentityInverseGraphics"
  args:
    mesh_paths: [
      ./data/ycb_tomato_soup_can/tomato_soup_can_tsdf.obj,
      ./data/ycb_mustard_bottle/mustard_ring_tsdf.obj
    ]
    mesh_poses: [[0.0, 0.0, 0.0, 0.0, 0.0, 0.1], [1.57, 1.57, 0, 0.2, -0.03, 0.032]]

outer_mesh_processor:
  class: "IdentityVTKMeshProcessor"
  args:
    vtk_paths: [
      ./data/ycb_tomato_soup_can/tomato_soup_can_tsdf.vtk,
      ./data/ycb_mustard_bottle/mustard_ring_tsdf.vtk
    ]

inner_mesh_processor:
  class: "IdentityPrimitiveMeshProcessor"
  args:
    primitive_info_paths: [
      ./data/ycb_tomato_soup_can/tomato_soup_can_tsdf_dualsdf_spheres.pkl,
      ./data/ycb_mustard_bottle/mustard_ring_tsdf_dualsdf_spheres.pkl
    ]

outer_physical_property_estimator:
  class: "GTPhysicalPropertyEstimator"
  args:
    masses: [0.348, 0.435]
    inertias: [
      [
        [4.0049e-04, 2.8689e-06, -2.7256e-06],
        [2.8689e-06, 3.9849e-04, -1.0914e-05],
        [-2.7256e-06, -1.0914e-05, 2.1282e-04]
      ],
      [
        [ 1.0618e-03, -4.7439e-06, -4.0405e-06],
        [-4.7439e-06, 9.3767e-04, -1.6208e-05],
        [-4.0405e-06, -1.6208e-05, 2.4569e-04]
      ]
    ]
    centers_of_mass: [[-0.0032, 0.0062, -0.0124], [0.0014, 0.0016, -0.0124]]
    is_compliant: [True, True]
    mesh_resolution_hints: [0.01, 0.01]
    hydroelastic_moduli: [1.0e8, 1.0e8]

inner_physical_property_estimator:
  class: "GTPhysicalPropertyEstimator"
  args:
    masses: [0.348, 0.435]
    inertias: [
      [
        [4.0049e-04, 2.8689e-06, -2.7256e-06],
        [2.8689e-06, 3.9849e-04, -1.0914e-05],
        [-2.7256e-06, -1.0914e-05, 2.1282e-04]
      ],
      [
        [ 1.0618e-03, -4.7439e-06, -4.0405e-06],
        [-4.7439e-06, 9.3767e-04, -1.6208e-05],
        [-4.0405e-06, -1.6208e-05, 2.4569e-04]
      ]
    ]
    centers_of_mass: [[-0.0032, 0.0062, -0.0124], [0.0014, 0.0016, -0.0124]]
    is_compliant: [False, False]
    mesh_resolution_hints: [0.01, 0.01]

simulator:
  class: "EquationErrorPlanarPushingSimulator"
  args:
    settling_time: 0.2
    manipuland_names: [ycb_tomato_soup_can, ycb_mustard_bottle]
    target_manipuland_name: ycb_tomato_soup_can
    controll_period: 0.01
    closed_loop_control: false
    num_meters_to_move_in_manpuland_direction: 0.6
    reset_seconds: 0.1
 